Heap Queue bottom up construction (s):

0.00367351
0.00741596
0.0110049
0.0145987
0.0181451
0.0217106
0.0254428
0.0298447
0.0326074
0.0364609
0.0397344
0.0434984
0.0475875
0.0509212
0.0546568
0.0589463
0.0617389
0.0657424
0.0693548
0.0728371
0.0768582
0.0815066
0.0849572
0.0894628
0.099001
0.0967829
0.103514
0.105473
0.108356
0.115526
0.116653
0.119676
0.122586
0.127134
0.131922
0.136922
0.138124
0.142893
0.148288
0.150688
0.154867
0.1613
0.163443
0.169039
0.170096
0.170494
0.17634
0.178335
0.184
0.188471
0.192774
0.196105
0.200295
0.203823
0.207001
0.211525
0.214999
0.219615
0.22435
0.22828
0.232381
0.235646
0.240598
0.247167
0.249107
0.253572
0.255434
0.262452
0.266571
0.268697
0.273067
0.277851
0.279961
0.283752
0.291167
0.295025
0.298948
0.299493
0.307445
0.311076
0.319472
0.322555
0.337732
0.338319
0.329051
0.333339
0.338203
0.341788
0.345357
0.350684
0.353909
0.357448
0.359908
0.365721
0.36765
0.374017
0.377109
0.380646
0.386293
0.390129


Heap Queue Insertion (s):

0.00739542
0.0148725
0.0227099
0.029679
0.0365361
0.0453894
0.0523737
0.059289
0.0662137
0.0731969
0.0841544
0.0911225
0.0980398
0.104964
0.111798
0.118867
0.125823
0.13274
0.13969
0.14667
0.162224
0.169245
0.17621
0.183165
0.190009
0.197046
0.204001
0.211163
0.218188
0.22525
0.232278
0.239378
0.246354
0.253385
0.26039
0.267369
0.274412
0.281454
0.288487
0.295523
0.302559
0.32807
0.335113
0.342152
0.349209
0.35623
0.363262
0.37034
0.377349
0.384334
0.391348
0.398323
0.405298
0.412287
0.419262
0.426285
0.433414
0.440552
0.447563
0.454545
0.46154
0.468501
0.475568
0.482603
0.489623
0.496649
0.503667
0.510689
0.517729
0.524773
0.531796
0.538893
0.545904
0.552974
0.560034
0.567068
0.574136
0.581185
0.588316
0.595416
0.60248
0.609522
0.616735
0.662627
0.671981
0.679202
0.686207
0.693315
0.700364
0.707489
0.714493
0.72153
0.728588
0.735671
0.742795
0.749837
0.75687
0.763901
0.77094
0.778036
