Unsorted Queue Insertion (s):

2.79907e-06
0.000115695
0.000129068
0.000140264
0.000161724
0.000173853
0.000184427
0.000195002
0.000212729
0.000224547
0.000235122
0.000246629
0.000257825
0.000268089
0.000278352
0.000294835
0.000306342
0.000316606
0.000327802
0.000338687
0.000349261
0.000359836
0.000376319
0.000387826
0.00039809
0.000414573
0.000426391
0.000436966
0.000447229
0.000457803
0.000468066
0.00047833
0.000490148
0.000501033
0.000511296
0.000521249
0.000531512
0.000541775
0.000552038
0.000562613
0.000584383
0.000595268
0.000605532
0.000615795
0.000626058
0.000636321
0.000646585
0.000659336
0.000670221
0.000680485
0.000690748
0.0007007
0.000710963
0.000721227
0.000739576
0.000751394
0.000761968
0.000772543
0.000782495
0.000792758
0.000803021
0.000812974
0.000823237
0.000835677
0.000846252
0.000856515
0.000866778
0.000877041
0.000893836
0.000905654
0.000915917
0.000926181
0.000936133
0.000946396
0.000956659
0.000966611
0.000976875
0.000987138
0.000997401
0.00100735
0.00101731
0.00102757
0.00103783
0.00105121
0.00106271
0.00107329
0.00108324
0.0010935
0.00110377
0.00111372
0.00112367
0.00113362
0.00114357
0.00115384
0.00116379
0.00117374
0.00118369
0.00120111
0.00121262
0.00122288


Unsorted Queue Sort (s):

5.59814e-06
1.02632e-05
1.43063e-05
2.42586e-05
2.70577e-05
3.23448e-05
3.85649e-05
4.50961e-05
5.22493e-05
5.87804e-05
6.65556e-05
7.43308e-05
8.92592e-05
8.89482e-05
9.95224e-05
0.000110719
0.000135288
0.000165456
0.000165456
0.000160169
0.000186916
0.000196557
0.000209619
0.00019749
0.000210241
0.000220815
0.000237921
0.000245074
0.000258447
0.00027151
0.000289859
0.000299811
0.000319716
0.000358281
0.000361702
0.000379429
0.000400267
0.000403688
0.000535555
0.000489526
0.000479263
0.000526847
0.000489837
0.000536488
0.000534311
0.000578163
0.000628235
0.00061735
0.000723404
0.00067302
0.000695413
0.000681107
0.000750772
0.000773787
0.000885439
0.000844386
0.000933023
0.000926181
0.000945463
0.000995535
0.00104747
0.00105276
0.00108417
0.00111372
0.00113393
0.00112149
0.00126393
0.00119116
0.00127202
0.00128602
0.00133795
0.00135973
0.00136004
0.00136937
0.00141664
0.00153887
0.0016219
0.00162937
0.00164305
0.00162968
0.00167104
0.00177679
0.00181317
0.00181628
0.00185174
0.00188688
0.00209992
0.00214689
0.00215839
0.00215062
0.00216244
0.00219447
0.00232478
0.00248682
0.00258012
0.00251792
0.00258945
0.00259598
0.00251014
0.00268773
