Selection Sort (s):

n = 10000

9.28889e-06
2.64e-05
5.28e-05
8.40889e-05
0.000135422
0.000177467
0.000245422
0.000317289
0.000381822
0.000474222
0.0005764
0.000644356
0.000817422
0.000877067
0.00102618
0.00120022
0.0016324
0.00152191
0.00158449
0.00178689
0.00203524
0.00242538
0.00233102
0.00248307
0.00305018
0.00310444
0.00342516
0.00358796
0.00376836
0.00425773
0.00432227
0.00470213
0.004664
0.00530053
0.00532547
0.00570778
0.00595565
0.00648707
0.00675693
0.00689578
0.00732209
0.00771662
0.00790338
0.00851742
0.00878778
0.00922191
0.00968538
0.0100305
0.0107023
0.010781
0.0115363
0.0119152
0.0121205
0.0124838
0.0128959
0.0136552
0.0146647
0.0144085
0.0153448
0.0156782
0.0161118
0.0169405
0.017136
0.0182209
0.0185049
0.0190051
0.0192094
0.0207587
0.0209968
0.0211933
0.0216338
0.0224434
0.023714
0.0234764
0.0238456
0.024859
0.0270258
0.0275601
0.0271206
0.0307873
0.0333085
0.0299992
0.0309941
0.030626
0.0302828
0.0316697
0.0332699
0.0343009
0.0336346
0.0360746
0.037179
0.0376796
0.0366779
0.0373232
0.0382551
0.039205
0.0399755
0.0410173
0.041362
0.0431787
